3
5
7
8
9
12
13
16
19
22
23
25
28
31
33
36
39
40
43
45
47
50
51
53
55
56
58
60
61
62
65
68
70
73
76
77
80
83
84
86
87
90
93
94
96
97
98
101
102
103
104
106
107
110
113
115
116
117
118
120
122
124
127
128
130
131
132
134
135
137
140
141
144
146
147
150
152
154
156
157
159
162
165
168
169
171
174
176
179
181
183
185
187
189
190
191
192
195
196
198
200
202
203
205
206
208
210
211
214
216
218
220
221
224
226
229
231
234
235
236
237
238
239
240
241
243
245
247
250
251
252
255
257
259
260
263
266
268
269
272
274
276
278
279
280
281
283
284
287
288
290
291
294
297
298
301
302
303
304
305
308
309
310
312
313
315
316
318
319
322
324
327
330
331
333
334
336
338
341
342
345
347
349
350
352
353
356
357
358
360
362
365
367
369
372
375
378
381
384
386